
AccTrain =

    0.9500


AccTest =

    0.2500


AccVal =

    0.2500

